Fairness on edge 4 Bottleneck0
==== Summary of results ====
Return:
[7.023148168039055, 6.324624670536575, 7.1430683053154365, 6.648482077698609, 
6.604450316014105, 6.316796187383935, 6.735155461737079, 6.39212765663416, 
6.601286684996531, 6.754404530640104, 6.627259710792127, 6.582459235937686, 
6.532597487709054, 6.6621957329126795, 6.729111703800992, 6.94573950645358, 
7.0667376013555625, 6.443596816168251, 7.037066287788751, 6.695942253071208, 
6.515116427287371, 6.618750638115986, 6.578395238578189, 6.673467723377443, 
6.94656697793845, 6.7530066166916844, 6.816794507076257, 6.4023966864391735, 
6.29930187101457, 6.244367193197071, 6.672574807354174, 6.718878594396568, 
6.920589049741157, 6.7115075677919585, 6.82334423625045, 6.769365206788375, 
6.826229373144858, 6.52206032626671, 6.82642471665622, 6.559006146455431]

[1056.1318727349185, 1035.1456218186174, 1069.4775622655804, 1048.5895314504114, 
1043.9873950205142, 1035.729660498699, 1057.920044967195, 1052.0472036708136, 
1061.3144776292456, 1029.758081442114, 1054.769653602246, 1027.3140978658134, 
1023.0066295762458, 1031.1750281823392, 1060.1517310524891, 1052.2623596961987, 
1072.8470726349763, 1043.8882765553242, 1065.956796254787, 1054.8706753831066, 
1011.0233592797869, 1056.0209545414946, 1041.8444070399914, 1058.7583581175465, 
1059.4436660722683, 1056.4588356308636, 1069.3016801973417, 1044.2409646723468, 
1011.7806385699764, 1017.7354685645284, 1038.4138871092923, 1059.23376261395, 
1067.0569257105194, 1046.9394233536782, 1057.7883990500718, 1045.36739217266, 
1042.868079005359, 1042.6687727083226, 1065.1435157336361, 1023.3513963073974]
Average, std: 1047.2945914688166, 15.92215415905099

Speed, mean (m/s):
[7.023148168039055, 6.324624670536575, 7.1430683053154365, 6.648482077698609, 
6.604450316014105, 6.316796187383935, 6.735155461737079, 6.39212765663416, 
6.601286684996531, 6.754404530640104, 6.627259710792127, 6.582459235937686, 
6.532597487709054, 6.6621957329126795, 6.729111703800992, 6.94573950645358, 
7.0667376013555625, 6.443596816168251, 7.037066287788751, 6.695942253071208, 
6.515116427287371, 6.618750638115986, 6.578395238578189, 6.673467723377443, 
6.94656697793845, 6.7530066166916844, 6.816794507076257, 6.4023966864391735, 
6.29930187101457, 6.244367193197071, 6.672574807354174, 6.718878594396568, 
6.920589049741157, 6.7115075677919585, 6.82334423625045, 6.769365206788375, 
6.826229373144858, 6.52206032626671, 6.82642471665622, 6.559006146455431]
Average, std: 6.67660985748869, 0.21531427187873106

Speed, std (m/s):
[5.192131079718118, 4.749578124518055, 5.432450986886603, 4.943037210065255, 
5.024155432960115, 4.744199774776501, 5.084667699402924, 4.869574463505427, 
5.037021684214809, 5.071981600154488, 4.975445785669601, 5.031715579396514, 
4.871903207478694, 5.02276077091884, 5.063653595375152, 5.240855269515946, 
5.469597889979429, 4.862866956479223, 5.279385658637753, 5.114380979298346, 
4.900400460513768, 5.019322304576593, 4.915559743575884, 5.099105598299975, 
5.287728770094178, 5.117809867866047, 5.151958606493671, 4.831061202762678, 
4.655242602364486, 4.7019768832279185, 5.004974523829044, 5.136508644300375, 
5.224978199125196, 5.054460441610784, 5.122383397706476, 5.055652322860537, 
5.19038066244163, 4.971906586990599, 4.905659589269212, 4.915751140949897]
Average, std: 5.033604632445268, 0.178822160651654
Standard deviations of average lane speeds in edge 3

Mean and standard deviation across timesteps: nan, nan
Standard deviations of average lane speeds in edge 4

Mean and standard deviation across timesteps: 0.3652488826834744, 0.771742456487247

Metrics over last 500 seconds of simulation:

Outflows (veh/hr):
[1490.4, 1490.4, 1490.4, 1483.2, 1483.2, 1483.2, 1483.2, 1490.4, 1490.4, 1490.4, 
1490.4, 1483.2, 1483.2, 1540.8, 1483.2, 1483.2, 1490.4, 1490.4, 1490.4, 1490.4, 
1483.2, 1490.4, 1483.2, 1483.2, 1490.4, 1483.2, 1490.4, 1490.4, 1497.6, 1483.2, 
1490.4, 1490.4, 1490.4, 1504.8, 1490.4, 1490.4, 1490.4, 1490.4, 1483.2, 1483.2]
Average, std: 1489.5, 9.413500942794858
Inflows (veh/hr):
[2505.6, 2505.6, 2505.6, 2505.6, 2505.6, 2505.6, 2505.6, 2505.6, 2505.6, 2505.6, 
2505.6, 2505.6, 2505.6, 2505.6, 2505.6, 2505.6, 2505.6, 2505.6, 2505.6, 2505.6, 
2505.6, 2505.6, 2505.6, 2505.6, 2505.6, 2505.6, 2505.6, 2505.6, 2505.6, 2505.6, 
2505.6, 2505.6, 2505.6, 2505.6, 2505.6, 2505.6, 2505.6, 2505.6, 2505.6, 2505.6]
Average, std: 2505.6, 0.0
Throughput efficiency (veh/hr):
[0.5948275862068966, 0.5948275862068966, 0.5948275862068966, 0.5919540229885057, 
0.5919540229885057, 0.5919540229885057, 0.5919540229885057, 0.5948275862068966, 
0.5948275862068966, 0.5948275862068966, 0.5948275862068966, 0.5919540229885057, 
0.5919540229885057, 0.6149425287356322, 0.5919540229885057, 0.5919540229885057, 
0.5948275862068966, 0.5948275862068966, 0.5948275862068966, 0.5948275862068966, 
0.5919540229885057, 0.5948275862068966, 0.5919540229885057, 0.5919540229885057, 
0.5948275862068966, 0.5919540229885057, 0.5948275862068966, 0.5948275862068966, 
0.5977011494252873, 0.5919540229885057, 0.5948275862068966, 0.5948275862068966, 
0.5948275862068966, 0.6005747126436781, 0.5948275862068966, 0.5948275862068966, 
0.5948275862068966, 0.5948275862068966, 0.5919540229885057, 0.5919540229885057]
Average, std: 0.5944683908045978, 0.0037569847313197883

Standard deviations of average lane speeds in edge 3, last 500 seconds
Mean and standard deviation across timesteps: 0.0644779728885758, 0.05347126340833663

Standard deviations of average lane speeds in edge 4, last 500 seconds
Mean and standard deviation across timesteps: 0.03187949523944615, 0.028584666400467477

================================================================================

No Fairness Bottleneck0
==== Summary of results ====
Return:
[6.846365300627983, 6.422885691044627, 5.485193282922369, 6.804397360136349, 
6.105787799499856, 6.787031248603731, 7.178648213062234, 6.809393855676259, 
6.357451283451007, 6.873856579687775, 6.5613889757965, 6.563951089591445, 
6.36148554663744, 6.968368291413129, 7.2390958826808856, 6.465610620198516, 
7.055293466548729, 6.827268121015613, 6.543125379950858, 6.579961753337188, 
6.642722744943282, 6.3454996275948385, 6.107953744618027, 6.615276929261329, 
6.369147525182404, 6.839314860618962, 6.052280676001927, 7.040881538632714, 
6.748435181052778, 6.752676025396676, 7.559887885395867, 6.70980834093541, 
6.833321946127111, 6.701265437492221, 6.771774170063487, 6.297762880430098, 
6.719722990975834, 6.568203953492023, 6.722572966704999, 6.042330413896513]
[1167.8400000000136, 1168.9200000000133, 1137.2400000000182, 1182.6000000000136, 
1130.7600000000205, 1199.8800000000172, 1196.6400000000176, 1150.5600000000159, 
1191.2400000000202, 1140.4800000000237, 1186.2000000000091, 1171.8000000000168, 
1158.1200000000217, 1194.8400000000186, 1209.600000000012, 1106.6400000000233, 
1149.4800000000205, 1198.4400000000207, 1167.1200000000126, 1135.0800000000158, 
1158.1200000000179, 1117.4400000000226, 1170.3600000000156, 1133.6400000000224, 
1130.760000000019, 1143.3600000000176, 1063.4400000000226, 1202.7600000000148, 
1184.0400000000172, 1151.6400000000162, 1246.3200000000181, 1159.5600000000177, 
1121.4000000000215, 1147.6800000000153, 1179.0000000000239, 1090.440000000022, 
1157.0400000000195, 1175.0400000000159, 1144.0800000000265, 1110.600000000022]
Average, std: 1158.2550000000183, 34.879401012630225

Speed, mean (m/s):
[6.846365300627983, 6.422885691044627, 5.485193282922369, 6.804397360136349, 
6.105787799499856, 6.787031248603731, 7.178648213062234, 6.809393855676259, 
6.357451283451007, 6.873856579687775, 6.5613889757965, 6.563951089591445, 
6.36148554663744, 6.968368291413129, 7.2390958826808856, 6.465610620198516, 
7.055293466548729, 6.827268121015613, 6.543125379950858, 6.579961753337188, 
6.642722744943282, 6.3454996275948385, 6.107953744618027, 6.615276929261329, 
6.369147525182404, 6.839314860618962, 6.052280676001927, 7.040881538632714, 
6.748435181052778, 6.752676025396676, 7.559887885395867, 6.70980834093541, 
6.833321946127111, 6.701265437492221, 6.771774170063487, 6.297762880430098, 
6.719722990975834, 6.568203953492023, 6.722572966704999, 6.042330413896513]
Average, std: 6.631934989517475, 0.36849722603940416

Speed, std (m/s):
[4.917452318581306, 4.492419999276406, 4.03950730337216, 4.723452984086146, 
4.731761016971611, 4.763678689176802, 5.0400826987850555, 4.81955915119696, 
4.574127867012458, 5.221359580784067, 4.6244930431893145, 4.775543015108539, 
4.426835434099198, 5.0568748911159656, 4.999384611108186, 4.688348226442691, 
5.318967542277933, 4.792456195603244, 4.726847519221732, 5.076102425450593, 
5.102667390043136, 4.836415040280538, 4.346561785264294, 4.844885162537514, 
4.926481042208231, 5.169639882408725, 4.877112212253501, 5.061085422657084, 
4.893825420974004, 5.058761190842887, 4.89098800093774, 5.042480301594019, 
5.216982596526521, 4.971459722542894, 4.692617853410483, 5.0932587896026265, 
4.867590416056007, 4.709057431010839, 4.815708665506197, 5.007130974070682]
Average, std: 4.855849095339707, 0.2513541966776131
Standard deviations of average lane speeds in edge 3

Mean and standard deviation across timesteps: 5.3751569555422245, 2.8057043597849805
Standard deviations of average lane speeds in edge 4

Mean and standard deviation across timesteps: 4.419276382118536, 2.8123407850358424

Metrics over last 500 seconds of simulation:

Outflows (veh/hr):
[1569.6, 1634.4, 1749.6, 1634.4, 1620.0, 1656.0, 1605.6, 1576.8, 1713.6, 1540.8, 
1641.6, 1584.0, 1634.4, 1648.8, 1620.0, 1490.4, 1512.0, 1648.8, 1641.6, 1555.2, 
1576.8, 1519.2, 1663.2, 1562.4, 1519.2, 1512.0, 1447.2, 1620.0, 1648.8, 1512.0, 
1677.6, 1562.4, 1483.2, 1569.6, 1627.2, 1447.2, 1576.8, 1670.4, 1555.2, 1569.6]
Average, std: 1589.94, 68.75693710455693
Inflows (veh/hr):
[2505.6, 2505.6, 2505.6, 2505.6, 2505.6, 2505.6, 2505.6, 2505.6, 2505.6, 2505.6, 
2505.6, 2505.6, 2505.6, 2505.6, 2505.6, 2505.6, 2505.6, 2505.6, 2505.6, 2505.6, 
2505.6, 2505.6, 2505.6, 2505.6, 2505.6, 2505.6, 2505.6, 2505.6, 2505.6, 2505.6, 
2505.6, 2505.6, 2505.6, 2505.6, 2505.6, 2505.6, 2505.6, 2505.6, 2505.6, 2505.6]
Average, std: 2505.6, 0.0
Throughput efficiency (veh/hr):
[0.6264367816091954, 0.6522988505747127, 0.6982758620689655, 0.6522988505747127, 
0.646551724137931, 0.6609195402298851, 0.6408045977011494, 0.6293103448275862, 
0.6839080459770115, 0.6149425287356322, 0.6551724137931034, 0.632183908045977, 
0.6522988505747127, 0.6580459770114943, 0.646551724137931, 0.5948275862068966, 
0.603448275862069, 0.6580459770114943, 0.6551724137931034, 0.6206896551724138, 
0.6293103448275862, 0.6063218390804598, 0.6637931034482759, 0.6235632183908046, 
0.6063218390804598, 0.603448275862069, 0.5775862068965517, 0.646551724137931, 
0.6580459770114943, 0.603448275862069, 0.6695402298850575, 0.6235632183908046, 
0.5919540229885057, 0.6264367816091954, 0.6494252873563219, 0.5775862068965517, 
0.6293103448275862, 0.6666666666666667, 0.6206896551724138, 0.6264367816091954]
Average, std: 0.6345545977011494, 0.027441306315675672

Standard deviations of average lane speeds in edge 3, last 500 seconds
Mean and standard deviation across timesteps: 6.0091636529268255, 1.9731773425607613

Standard deviations of average lane speeds in edge 4, last 500 seconds
Mean and standard deviation across timesteps: 5.181028670462178, 2.2494224239344205

================================================================================

Bottleneck0 Benchmark More drivers 50
==== Summary of results ====
Return:
[6.173051672897687, 6.305607023063631, 6.759849183038667, 6.718442649753186, 
7.230583348099045, 7.167123931971266, 7.185221719833586, 7.008888022223776, 
6.259254260327138, 6.888072527169008, 6.7105932917572595, 6.55898432069668, 
7.236911868909151, 7.035830109652101, 6.543939180734827, 6.634604937479577, 
6.460994299504336, 6.572986746326426, 6.665765888879265, 6.6316482094047124, 
6.018338665164045, 6.721667875123708, 7.182760000463494, 6.409347677639716, 
6.636784016859654, 6.987283088074821, 6.752556967223405, 6.417860100288986, 
6.477932699649008, 6.6072789458627215, 6.432876632144645, 6.126716303938058, 
6.568899152823074, 6.418324517297127, 6.511778446393505, 6.632225126414148, 
6.664497154980329, 6.809521967194654, 6.576676119116038, 6.503351288895044]
[1130.400000000017, 1215.3600000000176, 1225.8000000000197, 1151.6400000000162, 
1216.4400000000144, 1265.4000000000112, 1187.280000000013, 1224.000000000016, 
1113.1200000000215, 1186.2000000000219, 1158.8400000000174, 1133.2800000000175, 
1263.9600000000137, 1239.4800000000155, 1165.6800000000187, 1251.720000000018, 
1116.360000000017, 1170.3600000000188, 1164.6000000000172, 1178.6400000000147, 
1156.6800000000142, 1184.4000000000156, 1232.6400000000142, 1168.200000000016, 
1185.120000000018, 1190.5200000000127, 1237.3200000000168, 1141.9200000000228, 
1128.9600000000137, 1189.80000000001, 1169.2800000000173, 1101.6000000000217, 
1169.2800000000166, 1129.3200000000168, 1206.7200000000164, 1185.1200000000222, 
1252.0800000000145, 1198.4400000000162, 1202.760000000015, 1122.480000000017]
Average, std: 1182.7800000000166, 43.14724278560455

Speed, mean (m/s):
[6.173051672897687, 6.305607023063631, 6.759849183038667, 6.718442649753186, 
7.230583348099045, 7.167123931971266, 7.185221719833586, 7.008888022223776, 
6.259254260327138, 6.888072527169008, 6.7105932917572595, 6.55898432069668, 
7.236911868909151, 7.035830109652101, 6.543939180734827, 6.634604937479577, 
6.460994299504336, 6.572986746326426, 6.665765888879265, 6.6316482094047124, 
6.018338665164045, 6.721667875123708, 7.182760000463494, 6.409347677639716, 
6.636784016859654, 6.987283088074821, 6.752556967223405, 6.417860100288986, 
6.477932699649008, 6.6072789458627215, 6.432876632144645, 6.126716303938058, 
6.568899152823074, 6.418324517297127, 6.511778446393505, 6.632225126414148, 
6.664497154980329, 6.809521967194654, 6.576676119116038, 6.503351288895044]
Average, std: 6.655125748431688, 0.2982762334206593

Speed, std (m/s):
[4.6286490401940314, 4.341831743048087, 4.647183096131087, 5.0568721367826655, 
5.124266089566911, 4.7990125136011565, 5.063690274011283, 4.865751251773866, 
4.863368456477844, 4.927912872443146, 4.973398143389212, 4.975262404099292, 
4.802114850482601, 4.958585521237839, 4.7613212585824165, 4.523191018634898, 
4.725277160625434, 4.779812448153338, 4.775937717684212, 4.61637530176925, 
4.243405462574611, 4.913791501231304, 4.973858409885368, 4.561175348841203, 
4.786319511208413, 4.938638145468939, 4.571201854541833, 4.9593560655677225, 
4.721930617658292, 4.566917276048747, 4.548185853062403, 4.571906167289109, 
4.722601169059446, 4.521187025793975, 4.454695444228506, 4.73384460126001, 
4.250640407138868, 4.9185366664964985, 4.59067109273228, 4.968309608283052]
Average, std: 4.7431746381764786, 0.21688309179235488
Standard deviations of average lane speeds in edge 3

Mean and standard deviation across timesteps: nan, nan
Standard deviations of average lane speeds in edge 4

Mean and standard deviation across timesteps: 5.087692739882102, 3.4476729812347466

Metrics over last 500 seconds of simulation:

Outflows (veh/hr):
[1526.4, 1728.0, 1641.6, 1468.8, 1584.0, 1735.2, 1562.4, 1663.2, 1483.2, 1562.4, 
1519.2, 1454.4, 1699.2, 1648.8, 1548.0, 1778.4, 1468.8, 1533.6, 1548.0, 1620.0, 
1562.4, 1620.0, 1634.4, 1584.0, 1584.0, 1612.8, 1692.0, 1483.2, 1461.6, 1612.8, 
1612.8, 1476.0, 1576.8, 1461.6, 1699.2, 1562.4, 1742.4, 1620.0, 1677.6, 1447.2]
Average, std: 1587.42, 88.63588212456625
Inflows (veh/hr):
[2498.4, 2498.4, 2498.4, 2498.4, 2498.4, 2498.4, 2498.4, 2498.4, 2498.4, 2498.4, 
2498.4, 2498.4, 2498.4, 2498.4, 2498.4, 2498.4, 2498.4, 2498.4, 2498.4, 2498.4, 
2498.4, 2498.4, 2498.4, 2498.4, 2498.4, 2498.4, 2498.4, 2498.4, 2498.4, 2498.4, 
2498.4, 2498.4, 2498.4, 2498.4, 2498.4, 2498.4, 2498.4, 2498.4, 2498.4, 2498.4]
Average, std: 2498.4, 0.0
Throughput efficiency (veh/hr):
[0.6109510086455332, 0.6916426512968299, 0.6570605187319885, 0.5878962536023055, 
0.6340057636887608, 0.6945244956772334, 0.6253602305475504, 0.6657060518731989, 
0.5936599423631124, 0.6253602305475504, 0.6080691642651297, 0.5821325648414986, 
0.6801152737752161, 0.6599423631123918, 0.6195965417867435, 0.7118155619596542, 
0.5878962536023055, 0.6138328530259365, 0.6195965417867435, 0.648414985590778, 
0.6253602305475504, 0.648414985590778, 0.654178674351585, 0.6340057636887608, 
0.6340057636887608, 0.6455331412103746, 0.6772334293948127, 0.5936599423631124, 
0.585014409221902, 0.6455331412103746, 0.6455331412103746, 0.5907780979827089, 
0.6311239193083573, 0.585014409221902, 0.6801152737752161, 0.6253602305475504, 
0.6974063400576369, 0.648414985590778, 0.6714697406340057, 0.579250720461095]
Average, std: 0.6353746397694524, 0.03547705816705341

Standard deviations of average lane speeds in edge 3, last 500 seconds
Mean and standard deviation across timesteps: 7.716271459169898, 3.3361280845139145

Standard deviations of average lane speeds in edge 4, last 500 seconds
Mean and standard deviation across timesteps: 7.8297160458528685, 2.6012075688607617
================================================================================

Bottleneck0 Fair edge34 More drivers 50

==== Summary of results ====
Return:
[5.592043167333815, 5.823595724724566, 5.695703358162973, 5.4235534669689764, 
5.544997432756694, 5.675917831050156, 5.56679465535095, 5.355781020149556, 
5.774833620107649, 5.52918715590125, 5.865163311500951, 5.736669837072342, 
5.593959475334716, 5.667206117841701, 5.288605034936795, 5.808164580477277, 
5.80807531264758, 5.619317831110791, 5.738519504051441, 5.450326242712674, 
5.838214823472107, 5.821041423344248, 5.501043664945475, 5.6629783904831035, 
5.414397028346391, 5.67216750484424, 5.7588198794122505, 5.717991627578758, 
5.400347597278637, 5.629045427515637, 5.588308752369836, 5.573587838902262, 
5.766590353873344, 5.614252074586785, 5.675987676185519, 5.499397902578575, 
5.595365591412989, 5.470767690703807, 5.569236635606773, 5.702978367562593]
[809.9795086117108, 762.605133517409, 683.1375270102508, 833.1422580113915, 
763.0620369073912, 879.1906732576731, 830.7666677089113, 855.8066786777375, 
852.6582729017697, 835.7768539593718, 750.2892804671703, 810.5240549711871, 
810.7956282662612, 747.9744836187728, 834.0706225536841, 846.5062026758928, 
816.7896988863555, 866.6612143644252, 860.874621163978, 711.2140900586492, 
816.4673722111739, 870.796775016186, 822.1798460725946, 735.0364111072147, 
853.93989686658, 858.2893271059106, 822.8678014969063, 827.2824589272939, 
859.3339053362904, 829.4340649953457, 777.573933343061, 826.9960058328952, 
826.0892587051931, 827.3984871377082, 723.2640049246836, 701.110641874689, 
828.0594801056769, 809.9163628562017, 813.2320416994281, 821.2540221223952]
Average, std: 810.3086901331856, 48.62993197079265

Speed, mean (m/s):
[5.592043167333815, 5.823595724724566, 5.695703358162973, 5.4235534669689764, 
5.544997432756694, 5.675917831050156, 5.56679465535095, 5.355781020149556, 
5.774833620107649, 5.52918715590125, 5.865163311500951, 5.736669837072342, 
5.593959475334716, 5.667206117841701, 5.288605034936795, 5.808164580477277, 
5.80807531264758, 5.619317831110791, 5.738519504051441, 5.450326242712674, 
5.838214823472107, 5.821041423344248, 5.501043664945475, 5.6629783904831035, 
5.414397028346391, 5.67216750484424, 5.7588198794122505, 5.717991627578758, 
5.400347597278637, 5.629045427515637, 5.588308752369836, 5.573587838902262, 
5.766590353873344, 5.614252074586785, 5.675987676185519, 5.499397902578575, 
5.595365591412989, 5.470767690703807, 5.569236635606773, 5.702978367562593]
Average, std: 5.6257733732799045, 0.1414059995778

Speed, std (m/s):
[4.491117136397347, 4.684642438117545, 4.44426299121155, 4.177017632643192, 
4.387138391236672, 4.409441476519552, 4.334660959883153, 4.217443478662068, 
4.582650154199395, 4.3159942719102, 4.5810982569200505, 4.4448198395392255, 
4.4093326459399815, 4.5420887008898605, 4.088617706746012, 4.663539900148541, 
4.620747765534991, 4.391605174965165, 4.526327075279151, 4.422474103180583, 
4.6450556052748215, 4.693895149408842, 4.294728183246839, 4.540433198346059, 
4.162003782924416, 4.480186110507432, 4.5976444259659175, 4.5021319402477, 
4.218288410661776, 4.323065897374473, 4.443409519720184, 4.441586541691612, 
4.5936958296870785, 4.422260901691855, 4.5060979688921705, 4.3423509309880135, 
4.480669173624936, 4.282199384493007, 4.416932560146659, 4.5103059589497105]
Average, std: 4.440799039344194, 0.146392324777711
Standard deviations of average lane speeds in edge 3

Mean and standard deviation across timesteps: 1.192742023981947, 1.5424019751570643
Standard deviations of average lane speeds in edge 4

Mean and standard deviation across timesteps: 0.3389784238080713, 0.5278648392204628

Metrics over last 500 seconds of simulation:

Outflows (veh/hr):
[1404.0, 1404.0, 1411.2, 1425.6, 1411.2, 1432.8, 1411.2, 1411.2, 1425.6, 1404.0, 
1404.0, 1440.0, 1404.0, 1389.6, 1411.2, 1411.2, 1404.0, 1425.6, 1418.4, 1368.0, 
1454.4, 1432.8, 1389.6, 1411.2, 1411.2, 1418.4, 1411.2, 1411.2, 1411.2, 1440.0, 
1432.8, 1411.2, 1425.6, 1411.2, 1440.0, 1396.8, 1411.2, 1425.6, 1418.4, 1461.6]
Average, std: 1416.06, 17.218954672104804
Inflows (veh/hr):
[2498.4, 2498.4, 2498.4, 2498.4, 2498.4, 2498.4, 2498.4, 2498.4, 2498.4, 2498.4, 
2498.4, 2498.4, 2498.4, 2498.4, 2498.4, 2498.4, 2498.4, 2498.4, 2498.4, 2498.4, 
2498.4, 2498.4, 2498.4, 2498.4, 2498.4, 2498.4, 2498.4, 2498.4, 2498.4, 2498.4, 
2498.4, 2498.4, 2498.4, 2498.4, 2498.4, 2498.4, 2498.4, 2498.4, 2498.4, 2498.4]
Average, std: 2498.4, 0.0
Throughput efficiency (veh/hr):
[0.5619596541786743, 0.5619596541786743, 0.5648414985590778, 0.5706051873198846, 
0.5648414985590778, 0.5734870317002881, 0.5648414985590778, 0.5648414985590778, 
0.5706051873198846, 0.5619596541786743, 0.5619596541786743, 0.5763688760806917, 
0.5619596541786743, 0.5561959654178674, 0.5648414985590778, 0.5648414985590778, 
0.5619596541786743, 0.5706051873198846, 0.5677233429394812, 0.547550432276657, 
0.5821325648414986, 0.5734870317002881, 0.5561959654178674, 0.5648414985590778, 
0.5648414985590778, 0.5677233429394812, 0.5648414985590778, 0.5648414985590778, 
0.5648414985590778, 0.5763688760806917, 0.5734870317002881, 0.5648414985590778, 
0.5706051873198846, 0.5648414985590778, 0.5763688760806917, 0.5590778097982708, 
0.5648414985590778, 0.5706051873198846, 0.5677233429394812, 0.585014409221902]
Average, std: 0.5667867435158501, 0.006891992744198203

Standard deviations of average lane speeds in edge 3, last 500 seconds
Mean and standard deviation across timesteps: 0.2632630934549819, 0.1758782488490364

Standard deviations of average lane speeds in edge 4, last 500 seconds
Mean and standard deviation across timesteps: 0.15487618233586792, 0.22240519885816198

================================================================================

Bottleneck0 Fairness on edge 34
==== Summary of results ====
Return:
[6.713663588307577, 6.727796276337787, 6.550489905163994, 6.878567626795707, 
6.875221779189609, 6.9568271596471725, 6.792124447829623, 6.675246009523408, 
6.89930308242863, 6.3594534432598735, 6.674225400042347, 6.357851725817464, 
7.051711326854845, 6.232568760842548, 7.180479655510448, 6.800300554046986, 
6.457911961700939, 7.103908928012778, 6.54577209825004, 6.920102320839472, 
6.513808348755738, 6.898230026013089, 6.621860134617309, 6.716437102184081, 
6.635208331880916, 6.322335794939856, 6.883222641993501, 6.786809366580187, 
6.7977567683773135, 6.76493990615742, 6.824623180508761, 7.000355368838883, 
7.375475795138535, 6.618083248115699, 6.833841603404416, 6.3576951656802105, 
6.837551635836658, 6.675343248096911, 7.304880641094753, 6.5039418095146875]
[762.7394093400593, 635.2907821580089, 792.3159511457742, 848.448510688998, 
724.1872164813509, 779.5867909204648, 599.1222414218853, 784.7651417397783, 
852.4833901078263, 749.162394483196, 720.3875949192774, 842.9829066495523, 
841.8376320094915, 868.242106260366, 887.274613430764, 768.2731878210582, 
708.6557592884509, 800.3053077867253, 859.302188516871, 864.9786426534699, 
636.2636974542073, 829.4395854349336, 796.5597820146062, 877.4553935068568, 
806.2284750143685, 872.1413521295348, 785.1712025381264, 803.6874508110983, 
669.0387108886667, 764.0932723935057, 823.4976796660783, 866.810528757797, 
858.2108020144602, 680.8442090522901, 787.3152819223715, 819.618283612114, 
746.2647582650117, 468.53675876177414, 646.719523434827, 770.3755992089909]
Average, std: 774.9653528676247, 88.75827652794058

Speed, mean (m/s):
[6.713663588307577, 6.727796276337787, 6.550489905163994, 6.878567626795707, 
6.875221779189609, 6.9568271596471725, 6.792124447829623, 6.675246009523408, 
6.89930308242863, 6.3594534432598735, 6.674225400042347, 6.357851725817464, 
7.051711326854845, 6.232568760842548, 7.180479655510448, 6.800300554046986, 
6.457911961700939, 7.103908928012778, 6.54577209825004, 6.920102320839472, 
6.513808348755738, 6.898230026013089, 6.621860134617309, 6.716437102184081, 
6.635208331880916, 6.322335794939856, 6.883222641993501, 6.786809366580187, 
6.7977567683773135, 6.76493990615742, 6.824623180508761, 7.000355368838883, 
7.375475795138535, 6.618083248115699, 6.833841603404416, 6.3576951656802105, 
6.837551635836658, 6.675343248096911, 7.304880641094753, 6.5039418095146875]
Average, std: 6.750648154203253, 0.25585994468875656

Speed, std (m/s):
[5.0770549777721765, 4.95719453486785, 4.765052375840976, 5.110882175120938, 
5.01690780315006, 5.249002036827774, 5.199756051547142, 4.9328177544383545, 
5.139726933577945, 4.671124425551814, 5.0086000241336945, 4.8180355316686585, 
5.357798484849652, 4.703542647109479, 5.338598274382401, 5.171337886454491, 
4.857088698624482, 5.1820607990635805, 4.8774475649010745, 5.260399378562478, 
4.761422189920522, 5.212582579297582, 4.985982781009429, 5.120879243671455, 
4.993646058142088, 4.785582801108006, 5.214297647795123, 5.093099302918058, 
5.123326111438279, 5.156441056657961, 5.139894465859161, 5.234638406224065, 
5.493464602042629, 5.043890201957623, 5.09139806310721, 4.845559399817758, 
5.271595968565916, 4.959997413609535, 5.3879337649036465, 4.867751313626174]
Average, std: 5.061945293252931, 0.1961170988678208
Standard deviations of average lane speeds in edge 3

Mean and standard deviation across timesteps: 1.7180809350443864, 2.1950168585300736
Standard deviations of average lane speeds in edge 4

Mean and standard deviation across timesteps: 0.5592742380332343, 0.9385109564177418

Metrics over last 500 seconds of simulation:

Outflows (veh/hr):
[1526.4, 1533.6, 1519.2, 1512.0, 1598.4, 1548.0, 1526.4, 1591.2, 1490.4, 1519.2, 
1569.6, 1483.2, 1497.6, 1497.6, 1504.8, 1490.4, 1519.2, 1526.4, 1526.4, 1533.6, 
1555.2, 1504.8, 1548.0, 1490.4, 1490.4, 1490.4, 1476.0, 1483.2, 1490.4, 1490.4, 
1490.4, 1497.6, 1512.0, 1490.4, 1504.8, 1476.0, 1483.2, 1576.8, 1519.2, 1504.8]
Average, std: 1514.7, 30.61852380504324
Inflows (veh/hr):
[2505.6, 2505.6, 2505.6, 2505.6, 2505.6, 2505.6, 2505.6, 2505.6, 2505.6, 2505.6, 
2505.6, 2505.6, 2505.6, 2505.6, 2505.6, 2505.6, 2505.6, 2505.6, 2505.6, 2505.6, 
2505.6, 2505.6, 2505.6, 2505.6, 2505.6, 2505.6, 2505.6, 2505.6, 2505.6, 2505.6, 
2505.6, 2505.6, 2505.6, 2505.6, 2505.6, 2505.6, 2505.6, 2505.6, 2505.6, 2505.6]
Average, std: 2505.6, 0.0
Throughput efficiency (veh/hr):
[0.6091954022988506, 0.6120689655172413, 0.6063218390804598, 0.603448275862069, 
0.6379310344827587, 0.617816091954023, 0.6091954022988506, 0.6350574712643678, 
0.5948275862068966, 0.6063218390804598, 0.6264367816091954, 0.5919540229885057, 
0.5977011494252873, 0.5977011494252873, 0.6005747126436781, 0.5948275862068966, 
0.6063218390804598, 0.6091954022988506, 0.6091954022988506, 0.6120689655172413, 
0.6206896551724138, 0.6005747126436781, 0.617816091954023, 0.5948275862068966, 
0.5948275862068966, 0.5948275862068966, 0.5890804597701149, 0.5919540229885057,
0.5948275862068966, 0.5948275862068966, 0.5948275862068966, 0.5977011494252873, 
0.603448275862069, 0.5948275862068966, 0.6005747126436781, 0.5890804597701149, 
0.5919540229885057, 0.6293103448275862, 0.6063218390804598, 0.6005747126436781]
Average, std: 0.6045258620689655, 0.012220036639943827

Standard deviations of average lane speeds in edge 3, last 500 seconds
Mean and standard deviation across timesteps: 0.06502878176424143, 0.08665523233896093

Standard deviations of average lane speeds in edge 4, last 500 seconds
Mean and standard deviation across timesteps: 0.26251068931363203, 0.5773253922279431

================================================================================

Bottleneck1 Benchmark

==== Summary of results ====
Return:
[13.462894758092629, 7.630668330237209, 7.918696802363972, 7.521215797863101, 
7.588667910965238, 8.453310971381814, 6.7894301455931565, 7.359405709989968, 
8.3052051425633, 8.055145804444809, 8.551075132301262, 7.12048743206678, 
8.323276696270009, 7.950795729146248, 7.786958138062376, 6.974227551116037, 
8.376113448394696, 7.548542847863069, 8.736842802518954, 8.178061765736782, 
7.260515108457041, 7.8044201945028115, 8.06831997951162, 7.574951740802079, 
8.332055239450229, 7.827684249563036, 7.901468969550691, 8.311650880539808, 
8.06520063228377, 7.91593355428539, 7.738262513590574, 8.135016962230507, 
7.56117488519952, 7.6585741044628355, 7.958078921621515, 8.029315777969357, 
7.196087549407502, 7.9362237320363915, 8.00665581830465, 8.667087900948133]
[474.8399999999979, 1257.8400000000145, 1274.40000000001, 1265.0400000000125, 
1288.8000000000104, 1344.6000000000076, 1172.8800000000183, 1272.9600000000128, 
1282.6800000000087, 1255.6800000000112, 1314.7200000000046, 1190.1600000000176, 
1296.0000000000093, 1297.440000000009, 1264.3200000000093, 1209.2400000000175, 
1294.9200000000062, 1223.2800000000143, 1341.3600000000072, 1285.9200000000055, 
1254.2400000000102, 1284.480000000009, 1303.9200000000067, 1230.480000000012, 
1296.36000000001, 1269.3600000000117, 1294.2000000000107, 1284.4800000000132, 
1261.4400000000119, 1325.8800000000074, 1268.2800000000116, 1316.5200000000052, 
1288.0800000000102, 1291.3200000000109, 1265.0400000000093, 1279.8000000000106, 
1231.2000000000135, 1280.8800000000124, 1287.000000000008, 1370.5200000000027]
Average, std: 1257.2640000000101, 130.98934790279807

Speed, mean (m/s):
[13.462894758092629, 7.630668330237209, 7.918696802363972, 7.521215797863101, 
7.588667910965238, 8.453310971381814, 6.7894301455931565, 7.359405709989968, 
8.3052051425633, 8.055145804444809, 8.551075132301262, 7.12048743206678, 
8.323276696270009, 7.950795729146248, 7.786958138062376, 6.974227551116037, 
8.376113448394696, 7.548542847863069, 8.736842802518954, 8.178061765736782, 
7.260515108457041, 7.8044201945028115, 8.06831997951162, 7.574951740802079, 
8.332055239450229, 7.827684249563036, 7.901468969550691, 8.311650880539808, 
8.06520063228377, 7.91593355428539, 7.738262513590574, 8.135016962230507, 
7.56117488519952, 7.6585741044628355, 7.958078921621515, 8.029315777969357, 
7.196087549407502, 7.9362237320363915, 8.00665581830465, 8.667087900948133]
Average, std: 8.014492540792222, 0.9782365320765108

Speed, std (m/s):
[3.404964476277283, 4.720199250758008, 4.788123479865392, 4.493804880894502, 
4.578073293125053, 4.341475888814132, 4.465413410626366, 4.136836364521828, 
4.74670327466033, 5.057111347186132, 4.8272498837651225, 4.574314674260223, 
4.7584285984828325, 4.340112185502311, 4.584468408763746, 4.462909116708783, 
4.727901225465843, 4.5247180178688335, 4.432272531306272, 4.76552813537828, 
4.134316106870413, 4.395740446423885, 4.219313752321307, 4.848371156566479, 
4.767559505755133, 4.526602346780025, 4.465412060743996, 4.532959251143384, 
4.765463308504991, 4.468076181821141, 4.246248569441996, 4.543077066300233, 
4.231573469667263, 4.035692025954656, 4.766089810739081, 4.845193920038295, 
4.69680126051798, 4.649399362187228, 4.382913474588674, 4.1852144714446755]
Average, std: 4.510915649801053, 0.29202069584123047
Standard deviations of average lane speeds in edge 3

Mean and standard deviation across timesteps: 1.9559466204969262, 1.652405596041227
Standard deviations of average lane speeds in edge 4

Mean and standard deviation across timesteps: 6.0212123659764725, 3.202015523605116

Metrics over last 500 seconds of simulation:

Outflows (veh/hr):
[1648.1927710843374, 1713.6, 1742.4, 1742.4, 1850.4, 1864.8, 1591.2, 1792.8, 
1684.8, 1641.6, 1735.2, 1598.4, 1742.4, 1764.0, 1706.4, 1656.0, 1706.4, 1641.6, 
1828.8, 1728.0, 1735.2, 1764.0, 1771.2, 1648.8, 1735.2, 1692.0, 1771.2, 1728.0, 
1663.2, 1893.6, 1720.8, 1785.6, 1778.4, 1771.2, 1677.6, 1764.0, 1670.4, 1735.2, 
1735.2, 1900.8]
Average, std: 1733.0248192771082, 71.27982208109334
Inflows (veh/hr):
[2515.6626506024095, 2505.6, 2505.6, 2505.6, 2505.6, 2505.6, 2505.6, 2505.6, 
2505.6, 2505.6, 2505.6, 2505.6, 2505.6, 2505.6, 2505.6, 2505.6, 2505.6, 2505.6, 
2505.6, 2505.6, 2505.6, 2505.6, 2505.6, 2505.6, 2505.6, 2505.6, 2505.6, 2505.6, 
2505.6, 2505.6, 2505.6, 2505.6, 2505.6, 2505.6, 2505.6, 2505.6, 2505.6, 2505.6, 
2505.6, 2505.6]
Average, std: 2505.8515662650602, 1.571030821765756
Throughput efficiency (veh/hr):
[0.6551724137931035, 0.6839080459770115, 0.6954022988505748, 0.6954022988505748, 
0.7385057471264368, 0.7442528735632185, 0.6350574712643678, 0.7155172413793104, 
0.6724137931034483, 0.6551724137931034, 0.692528735632184, 0.6379310344827587, 
0.6954022988505748, 0.7040229885057472, 0.6810344827586208, 0.6609195402298851, 
0.6810344827586208, 0.6551724137931034, 0.7298850574712644, 0.6896551724137931, 
0.692528735632184, 0.7040229885057472, 0.706896551724138, 0.6580459770114943, 
0.692528735632184, 0.6752873563218391, 0.706896551724138, 0.6896551724137931, 
0.6637931034482759, 0.7557471264367815, 0.6867816091954023, 0.7126436781609196, 
0.7097701149425288, 0.706896551724138, 0.6695402298850575, 0.7040229885057472, 
0.6666666666666667, 0.692528735632184, 0.692528735632184, 0.7586206896551724]
Average, std: 0.6915948275862069, 0.028529342147868463

Standard deviations of average lane speeds in edge 3, last 500 seconds
Mean and standard deviation across timesteps: 1.0757946149853652, 0.5137704139203026

Standard deviations of average lane speeds in edge 4, last 500 seconds
Mean and standard deviation across timesteps: 7.929282680527209, 1.5106316530768082

================================================================================

Bottleneck1 Fair edge34

==== Summary of results ====
Return:
[6.801813793493939, 6.8530532563140465, 6.930743198464969, 6.788254675202712, 
7.738872072964342, 7.12272201063453, 6.360503256555896, 6.905766460727034, 
7.010941078922381, 6.329260145072644, 6.949688513986388, 6.635196221082073, 
7.192824460868677, 6.818420020875494, 7.5051970586012455, 6.613589546374505, 
6.619465004356103, 11.4167126492215, 7.006733249352386, 7.131838980039544, 
6.461949093039157, 6.255172956810018, 6.180496398969224, 7.773944498226069, 
7.04891395490804, 6.719553144039032, 12.062190755394163, 6.38191370150004, 
10.133742999804655, 12.19262386062519, 6.809423252669428, 6.477324906241907, 
6.796239399149799, 7.182589074791506, 6.813632797202658, 6.947206286872497, 
9.820271608257574, 11.176439681885354, 6.852198783630578, 6.644606400954896]
[861.4382397352641, 888.9207356125036, 830.8363294769484, 898.6559632648123, 
823.3742432565512, 834.1269250527287, 812.1413558854939, 909.5335479644451, 
906.4770150146858, 862.9386841489228, 868.0127191143735, 794.8795562509755, 
895.5787124467523, 889.6276353376392, 816.8235475240959, 815.4742548953975, 
891.6379662930544, 320.19503787254786, 862.4429688673921, 894.3957803553559, 
883.959006897765, 825.2105761218909, 860.5654895616827, 837.0894101978928, 
811.7725172481875, 878.9270514906428, 277.30916057386753, 864.7533710184797, 
323.1695782330456, 265.02328094488905, 827.5979815820426, 876.3031915084217, 
854.6749589118136, 811.4155432526011, 791.5997441554941, 888.3322927857873, 
415.2099787146318, 344.8289827845862, 904.7965203606395, 885.1776744879436]
Average, std: 777.6306882300562, 194.06109250585072

Speed, mean (m/s):
[6.801813793493939, 6.8530532563140465, 6.930743198464969, 6.788254675202712, 
7.738872072964342, 7.12272201063453, 6.360503256555896, 6.905766460727034, 
7.010941078922381, 6.329260145072644, 6.949688513986388, 6.635196221082073, 
7.192824460868677, 6.818420020875494, 7.5051970586012455, 6.613589546374505, 
6.619465004356103, 11.4167126492215, 7.006733249352386, 7.131838980039544, 
6.461949093039157, 6.255172956810018, 6.180496398969224, 7.773944498226069, 
7.04891395490804, 6.719553144039032, 12.062190755394163, 6.38191370150004, 
10.133742999804655, 12.19262386062519, 6.809423252669428, 6.477324906241907, 
6.796239399149799, 7.182589074791506, 6.813632797202658, 6.947206286872497, 
9.820271608257574, 11.176439681885354, 6.852198783630578, 6.644606400954896]
Average, std: 7.486550730202055, 1.6070466825438028

Speed, std (m/s):
[5.098957996986959, 5.100677481653465, 4.918352449028916, 5.033769180446373, 
5.409910310494271, 5.266021265552894, 4.501858949170967, 5.099268268081868, 
5.2327186177275635, 4.698342947411983, 5.1530397543471835, 4.87263769020743, 
5.3156961833288845, 5.136754299648145, 5.290823363574449, 4.741757001621034, 
4.865996552249554, 4.817383615457495, 5.1924954559259, 5.178817031659806, 
4.83260560080356, 4.69110627631879, 4.427004912128446, 5.268059146651343, 
4.857215437991643, 5.026655225837283, 4.854096947349871, 4.8313673775525245, 
5.061726955579984, 4.286295852726304, 4.885268667311155, 4.74599938436842, 
5.193933939051362, 5.093034995089368, 4.731636961343541, 5.054642754036553, 
5.053322769845064, 5.099236627964487, 5.0857968063829215, 4.86525952735274]
Average, std: 4.9717386145065126, 0.2455669491169039
Standard deviations of average lane speeds in edge 3

Mean and standard deviation across timesteps: 1.4599983393799025, 1.5672904543101736
Standard deviations of average lane speeds in edge 4

Mean and standard deviation across timesteps: 0.39864806640253475, 0.6392076778490405

Metrics over last 500 seconds of simulation:

Outflows (veh/hr):
[1504.8, 1512.0, 1497.6, 1519.2, 1512.0, 1504.8, 1497.6, 1504.8, 1526.4, 1490.4, 
1548.0, 1497.6, 1504.8, 1461.6, 1490.4, 1526.4, 1526.4, 1393.886462882096, 1497.6, 
1490.4, 1497.6, 1526.4, 1512.0, 1497.6, 1540.8, 1512.0, 1421.9435736677117, 1512.0, 
1443.3566433566434, 1498.6899563318777, 1497.6, 1504.8, 1461.6, 1504.8, 1504.8, 
1533.6, 1492.029755579171, 1475.952693823916, 1497.6, 1548.0]
Average, std: 1499.7464771410353, 29.963870450316076
Inflows (veh/hr):
[2505.6, 2505.6, 2505.6, 2505.6, 2505.6, 2505.6, 2505.6, 2505.6, 2505.6, 2505.6, 
2505.6, 2505.6, 2505.6, 2505.6, 2505.6, 2505.6, 2505.6, 2504.803493449782, 2505.6, 
2505.6, 2505.6, 2505.6, 2505.6, 2505.6, 2505.6, 2505.6, 2516.614420062696, 2505.6, 
2509.090909090909, 2504.803493449782, 2505.6, 2505.6, 2505.6, 2505.6, 2505.6, 2505.6, 
2509.6705632306057, 2507.227332457293, 2505.6, 2505.6]
Average, std: 2506.0652552935267, 1.906121306359639
Throughput efficiency (veh/hr):
[0.6005747126436781, 0.603448275862069, 0.5977011494252873, 0.6063218390804598, 
0.603448275862069, 0.6005747126436781, 0.5977011494252873, 0.6005747126436781, 
0.6091954022988506, 0.5948275862068966, 0.617816091954023, 0.5977011494252873, 
0.6005747126436781, 0.5833333333333334, 0.5948275862068966, 0.6091954022988506, 
0.6091954022988506, 0.5564853556485355, 0.5977011494252873, 0.5948275862068966, 
0.5977011494252873, 0.6091954022988506, 0.603448275862069, 0.5977011494252873, 
0.6149425287356322, 0.603448275862069, 0.5650224215246638, 0.603448275862069, 
0.5752508361204014, 0.5983263598326359, 0.5977011494252873, 0.6005747126436781, 
0.5833333333333334, 0.6005747126436781, 0.6005747126436781, 0.6120689655172413, 
0.5945121951219512, 0.588679245283019, 0.5977011494252873, 0.617816091954023]
Average, std: 0.5984511632118433, 0.012161835576876771

Standard deviations of average lane speeds in edge 3, last 500 seconds
Mean and standard deviation across timesteps: 0.2565229318639469, 0.1455517379382175

Standard deviations of average lane speeds in edge 4, last 500 seconds
Mean and standard deviation across timesteps: 0.12175625594842762, 0.07864605017409086

================================================================================

Bottleneck1 Fair edge4

==== Summary of results ====
Return:
[7.161030062307356, 6.8695750413428796, 12.463254696702043, 7.110315218128464, 
6.711378778728826, 6.655126235098441, 6.846003672094983, 7.435611890122692, 
7.528274219926602, 6.779505615472426, 6.895840400657546, 6.781296771869553, 
7.229228786989027, 6.031714888555346, 6.55490967656161, 6.922371185261096, 
6.683773174168787, 7.126457419910715, 7.2672327053185475, 7.202183961449869, 
6.752420683150227, 6.618344447318271, 7.498134004943388, 6.467304096836014, 
6.687385911516791, 6.631212858919875, 6.819923949061553, 6.61962304403963, 
6.849308276129134, 6.67497455507312, 7.218184063469347, 6.732252677188159, 
6.729602528312214, 6.596405980172874, 6.68270146446337, 6.907847089100925, 
6.997859987061468, 6.643230280700176, 6.545237682232836, 6.4886032218912115]
[1090.6069224035766, 1072.9447383799522, 330.5403131876981, 1066.2253731001974, 
1059.7060824057282, 1067.5935977958397, 1070.4226555100854, 1103.011764129953, 
1101.7170929686624, 1068.6995443185965, 1072.7540332951069, 1071.9386442614593, 
1087.745528247027, 1046.4188357729902, 1069.3168115743226, 1065.5033573058952, 
1059.0231371035109, 1091.2993389441435, 1092.171570837255, 1085.5327474089186, 
1062.602682489766, 1058.6850053993728, 1094.6299147162417, 1047.17356162906, 
1064.788924378869, 1066.276181240172, 1066.951677938489, 1070.8050491702509, 
1071.3426500074838, 1062.4074476134072, 1097.1724236387656, 1068.5454580097241, 
1063.8873787934717, 1067.2048737572202, 1057.534295442259, 1078.5197964806484, 
1074.9913161746163, 1052.6943595485518, 1069.563204807335, 1050.1190624851254]
Average, std: 1052.9766838167936, 116.53648947487683

Speed, mean (m/s):
[7.161030062307356, 6.8695750413428796, 12.463254696702043, 7.110315218128464, 
6.711378778728826, 6.655126235098441, 6.846003672094983, 7.435611890122692, 
7.528274219926602, 6.779505615472426, 6.895840400657546, 6.781296771869553, 
7.229228786989027, 6.031714888555346, 6.55490967656161, 6.922371185261096, 
6.683773174168787, 7.126457419910715, 7.2672327053185475, 7.202183961449869, 
6.752420683150227, 6.618344447318271, 7.498134004943388, 6.467304096836014, 
6.687385911516791, 6.631212858919875, 6.819923949061553, 6.61962304403963, 
6.849308276129134, 6.67497455507312, 7.218184063469347, 6.732252677188159, 
6.729602528312214, 6.596405980172874, 6.68270146446337, 6.907847089100925, 
6.997859987061468, 6.643230280700176, 6.545237682232836, 6.4886032218912115]
Average, std: 6.985391030056183, 0.9281229889500807

Speed, std (m/s):
[5.42076512381685, 5.137071124622708, 4.4609554422188396, 5.298691034784353, 
5.0025444931388146, 4.993229840880171, 4.7636776716553655, 5.522893022773758, 
5.588920833102288, 5.001387547071368, 5.174092560039715, 4.837232902969663, 
5.384745385352845, 4.410357751827219, 4.8770593032804355, 5.221434669971881, 
5.036350609636663, 5.302995759833487, 5.379870658646473, 5.383043669978845, 
4.883236420589029, 4.9156049928377366, 5.623715725242665, 4.971202442312601, 
5.085442554788708, 4.911131571798127, 4.973411534169887, 4.880476967604313, 
5.156831849632147, 4.967465216494777, 5.397257994163423, 5.052393701653732, 
4.823671816958932, 4.596112155462885, 5.025959558380418, 5.176267509185919, 
5.1984952400641795, 4.967477236130847, 4.8310736486743995, 4.898774746195894]
Average, std: 5.063333057198559, 0.2749701224027862
Standard deviations of average lane speeds in edge 3

Mean and standard deviation across timesteps: 1.226709895638324, 1.4584375581213782
Standard deviations of average lane speeds in edge 4

Mean and standard deviation across timesteps: 0.29865068247686893, 0.483376578413106

Metrics over last 500 seconds of simulation:

Outflows (veh/hr):
[1490.4, 1504.8, 1338.6, 1497.6, 1504.8, 1512.0, 1497.6, 1497.6, 1490.4, 1497.6, 
1497.6, 1497.6, 1497.6, 1497.6, 1497.6, 1504.8, 1497.6, 1497.6, 1490.4, 1497.6, 
1497.6, 1490.4, 1497.6, 1497.6, 1504.8, 1504.8, 1497.6, 1497.6, 1504.8, 1519.2, 
1504.8, 1512.0, 1526.4, 1504.8, 1497.6, 1497.6, 1490.4, 1504.8, 1490.4, 1490.4]
Average, std: 1495.9657039711192, 26.317945085000723
Inflows (veh/hr):
[2505.6, 2505.6, 2521.2, 2505.6, 2505.6, 2505.6, 2505.6, 2505.6, 2505.6, 2505.6, 
2505.6, 2505.6, 2505.6, 2505.6, 2505.6, 2505.6, 2505.6, 2505.6, 2505.6, 2505.6, 
2505.6, 2505.6, 2505.6, 2505.6, 2505.6, 2505.6, 2505.6, 2505.6, 2505.6, 2505.6, 
2505.6, 2505.6, 2505.6, 2505.6, 2505.6, 2505.6, 2505.6, 2505.6, 2505.6, 2505.6]
Average, std: 2505.992490974729, 2.4511053515735512
Throughput efficiency (veh/hr):
[0.5948275862068966, 0.6005747126436781, 0.5309278350515464, 0.5977011494252873, 
0.6005747126436781, 0.603448275862069, 0.5977011494252873, 0.5977011494252873, 
0.5948275862068966, 0.5977011494252873, 0.5977011494252873, 0.5977011494252873, 
0.5977011494252873, 0.5977011494252873, 0.5977011494252873, 0.6005747126436781, 
0.5977011494252873, 0.5977011494252873, 0.5948275862068966, 0.5977011494252873, 
0.5977011494252873, 0.5948275862068966, 0.5977011494252873, 0.5977011494252873, 
0.6005747126436781, 0.6005747126436781, 0.5977011494252873, 0.5977011494252873, 
0.6005747126436781, 0.6063218390804598, 0.6005747126436781, 0.603448275862069, 
0.6091954022988506, 0.6005747126436781, 0.5977011494252873, 0.5977011494252873, 
0.5948275862068966, 0.6005747126436781, 0.5948275862068966, 0.5948275862068966]
Average, std: 0.5969657246119209, 0.011001877611508146

Standard deviations of average lane speeds in edge 3, last 500 seconds
Mean and standard deviation across timesteps: 0.14917809928302858, 0.08484747053963143

Standard deviations of average lane speeds in edge 4, last 500 seconds
Mean and standard deviation across timesteps: 0.20920076950376126, 0.21801741236047892

================================================================================

Bottleneck1 Benchmark More drivers

==== Summary of results ====
Return:
[6.272020234171176, 6.795584590595492, 6.78882339451662, 6.159667538900272, 
6.661447013766961, 6.707443773099894, 6.121225256216597, 6.2440617939298875, 
6.279222753121297, 9.06496179096848, 9.270359311392331, 6.071934777216248, 
6.201165068831707, 5.411407511221159, 6.680459925495026, 6.415279205957464, 
6.3044552262756275, 6.059175804898519, 6.2339567093731425, 6.454202942322122, 
6.217275012760312, 6.540093057602741, 6.048016140080934, 6.401049766361952, 
6.265680701519311, 6.14781584534015, 6.151643767472775, 6.512740800267495, 
6.516101726686224, 6.434914940567199, 6.644205534905488, 5.993171031348979, 
5.967459291414283, 5.6898611213076435, 6.091077270380042, 5.920720482774613, 
5.927584116997964, 6.114213146281012, 6.584859101125947, 6.446949042331727]
[1211.4000000000206, 1244.8800000000172, 1261.4400000000176, 1130.7600000000202, 
1221.480000000014, 1202.4000000000212, 1121.0400000000218, 1212.8400000000208, 
1200.2400000000227, 541.4400000000062, 611.2800000000068, 1182.600000000021, 
1151.2800000000236, 1087.920000000023, 1179.0000000000123, 1201.6800000000228, 
1158.1200000000185, 1139.400000000024, 1158.8400000000227, 1218.6000000000206, 
1112.760000000023, 1229.7600000000202, 1171.080000000018, 1176.1200000000222, 
1173.600000000016, 1113.4800000000241, 1159.2000000000196, 1180.0800000000206, 
1204.2000000000207, 1231.9200000000171, 1193.040000000021, 1114.5600000000186, 
1130.040000000022, 1061.6400000000206, 1163.5200000000207, 1121.7600000000205, 
1165.6800000000203, 1125.7200000000223, 1200.240000000022, 1201.6800000000226]
Average, std: 1141.6680000000197, 137.0799735045229

Speed, mean (m/s):
[6.272020234171176, 6.795584590595492, 6.78882339451662, 6.159667538900272, 
6.661447013766961, 6.707443773099894, 6.121225256216597, 6.2440617939298875, 
6.279222753121297, 9.06496179096848, 9.270359311392331, 6.071934777216248, 
6.201165068831707, 5.411407511221159, 6.680459925495026, 6.415279205957464, 
6.3044552262756275, 6.059175804898519, 6.2339567093731425, 6.454202942322122, 
6.217275012760312, 6.540093057602741, 6.048016140080934, 6.401049766361952, 
6.265680701519311, 6.14781584534015, 6.151643767472775, 6.512740800267495, 
6.516101726686224, 6.434914940567199, 6.644205534905488, 5.993171031348979, 
5.967459291414283, 5.6898611213076435, 6.091077270380042, 5.920720482774613, 
5.927584116997964, 6.114213146281012, 6.584859101125947, 6.446949042331727]
Average, std: 6.420307162994921, 0.6941812052084523

Speed, std (m/s):
[4.392180482613576, 4.596709020082166, 4.6087228325020435, 4.683083613607798, 
4.681773572088088, 4.8532275554573765, 4.719680625778315, 4.36204905132767, 
4.441408546909821, 4.637084825720443, 4.488659020312276, 4.2849965429677175, 
4.567445432150871, 4.378670697999817, 4.833377805140485, 4.751657584804743, 
4.673658887146982, 4.516352972691001, 4.595320140164398, 4.302616164721498, 
4.742543705488004, 4.487983202514754, 4.3707552987254195, 4.596209200157387, 
4.462584052519332, 4.778534329164814, 4.625541229201669, 4.8035193514676475, 
4.643786963709222, 4.458568253410372, 4.7886487560352125, 4.81437120340447, 
4.611675975068022, 4.618011196194962, 4.369092242867693, 4.5406510308552175, 
4.485403261526202, 4.642412864058202, 4.6541671947032555, 4.466056223419832]
Average, std: 4.58322977271697, 0.1518274909668349
Standard deviations of average lane speeds in edge 3

Mean and standard deviation across timesteps: nan, nan
Standard deviations of average lane speeds in edge 4

Mean and standard deviation across timesteps: 3.352240017910629, 2.884044558589842

Metrics over last 500 seconds of simulation:

Outflows (veh/hr):
[1735.2, 1706.4, 1778.4, 1519.2, 1656.0, 1656.0, 1461.6, 1735.2, 1692.0, 
1397.7011494252874, 1521.3759213759213, 1677.6, 1584.0, 1512.0, 1612.8, 1692.0, 
1569.6, 1562.4, 1598.4, 1684.8, 1483.2, 1720.8, 1663.2, 1627.2, 1641.6, 1468.8, 
1576.8, 1612.8, 1641.6, 1756.8, 1627.2, 1483.2, 1598.4, 1432.8, 1612.8, 1526.4, 
1656.0, 1540.8, 1641.6, 1677.6]
Average, std: 1608.5569267700303, 91.88712244561651

Inflows (veh/hr):
[2498.4, 2498.4, 2498.4, 2498.4, 2498.4, 2498.4, 2498.4, 2498.4, 2498.4, 2519.5, 
2538.5, 2498.4, 2498.4, 2498.4, 2498.4, 2498.4, 2498.4, 2498.4, 2498.4, 2498.4, 
2498.4, 2498.4, 2498.4, 2498.4, 2498.4, 2498.4, 2498.4, 2498.4, 2498.4, 2498.4, 
2498.4, 2498.4, 2498.4, 2498.4, 2498.4, 2498.4, 2498.4, 2498.4, 2498.4, 2498.4]
Average, std: 2499.9328792114998, 7.012393068723445
Throughput efficiency (veh/hr):
[0.6945244956772334, 0.6829971181556196, 0.7118155619596542, 0.6080691642651297, 
0.6628242074927954, 0.6628242074927954, 0.585014409221902, 0.6945244956772334, 
0.6772334293948127, 0.5547445255474452, 0.5993031358885017, 0.6714697406340057, 
0.6340057636887608, 0.6051873198847262, 0.6455331412103746, 0.6772334293948127, 
0.6282420749279538, 0.6253602305475504, 0.6397694524495677, 0.6743515850144092, 
0.5936599423631124, 0.6887608069164265, 0.6657060518731989, 0.6512968299711815, 
0.6570605187319885, 0.5878962536023055, 0.6311239193083573, 0.6455331412103746, 
0.6570605187319885, 0.7031700288184438, 0.6512968299711815, 0.5936599423631124, 
0.6397694524495677, 0.5734870317002881, 0.6455331412103746, 0.6109510086455332, 
0.6628242074927954, 0.61671469740634, 0.6570605187319885, 0.6714697406340057]
Average, std: 0.6434765517664462, 0.037309726186793866

Standard deviations of average lane speeds in edge 3, last 500 seconds
Mean and standard deviation across timesteps: 2.2340470225375513, 1.2048587344202557

Standard deviations of average lane speeds in edge 4, last 500 seconds
Mean and standard deviation across timesteps: 7.066824188802335, 1.271186289706956
================================================================================

Bottleneck1 Fair edge34 More drivers

==== Summary of results ====
Return:
[5.9830029665506155, 6.21614503930582, 5.924023266071633, 5.935605552793035, 
5.9443688194234685, 5.943167937166692, 5.773714303770424, 5.876507216048667, 
5.881801227169542, 5.951504579185803, 5.892342144724884, 5.883628466901981, 
5.747570914378183, 5.841211113854781, 5.616404639437164, 5.791511524214647, 
5.890703602291755, 5.857776566644359, 6.045704761468205, 5.841169429901159, 
5.847611991658814, 5.7358184724857, 6.009915337399719, 5.863475408949115, 
5.932078753449457, 6.219643690688516, 5.826999119707576, 5.98616644378938, 
5.655379173283203, 6.005936720375787, 5.804152485090009, 5.95452327692849, 
5.894004221186536, 5.794436511202647, 5.81821180230365, 6.101865973776345, 
5.773439010199632, 5.781711504895601, 5.947670599294689, 5.750763132357686]
[834.6053805105875, 857.3810782486229, 899.5029453086324, 890.3792127671613, 
831.9903740481853, 880.2075349546054, 866.3472454717829, 816.1916902308168, 
849.6051922185485, 886.2148396035428, 859.3212139256374, 862.7856125991175, 
904.1033002845913, 863.3314676439892, 826.321479861464, 859.1843791608659, 
865.2534418278531, 877.6125394611254, 887.3051010835896, 896.9737106612952, 
869.2972075209922, 839.3470203066678, 813.7295103109742, 829.6860638546644, 
835.4940781832412, 820.2157981021123, 889.4515867721989, 870.9967127808453, 
888.3848322961826, 838.4052013690115, 835.8771846693892, 879.1336944491677, 
855.1681680334834, 895.1840397399294, 874.4894345446182, 862.2148127443613, 
903.5111336485905, 803.7919349016564, 880.7575136108608, 901.8634230547734]
Average, std: 862.5404272691434, 27.409395714157686

Speed, mean (m/s):
[5.9830029665506155, 6.21614503930582, 5.924023266071633, 5.935605552793035, 
5.9443688194234685, 5.943167937166692, 5.773714303770424, 5.876507216048667, 
5.881801227169542, 5.951504579185803, 5.892342144724884, 5.883628466901981, 
5.747570914378183, 5.841211113854781, 5.616404639437164, 5.791511524214647, 
5.890703602291755, 5.857776566644359, 6.045704761468205, 5.841169429901159, 
5.847611991658814, 5.7358184724857, 6.009915337399719, 5.863475408949115, 
5.932078753449457, 6.219643690688516, 5.826999119707576, 5.98616644378938, 
5.655379173283203, 6.005936720375787, 5.804152485090009, 5.95452327692849, 
5.894004221186536, 5.794436511202647, 5.81821180230365, 6.101865973776345, 
5.773439010199632, 5.781711504895601, 5.947670599294689, 5.750763132357686]
Average, std: 5.888541692508134, 0.1252981070720975

Speed, std (m/s):
[4.605247698038466, 4.88389626490154, 4.477334133094419, 4.5742516446744235, 
4.575032381966014, 4.581927091636892, 4.408496338036981, 4.466577879499045, 
4.630755105108183, 4.582838929849727, 4.461946550523883, 4.4927766375187375, 
4.39147357518287, 4.514381853212572, 4.28497683668175, 4.403583565554794, 
4.458877512851828, 4.436238410373248, 4.744503018099738, 4.358179830351995, 
4.459840189839417, 4.353194575042181, 4.635632844205534, 4.505415226817552, 
4.528061162048195, 4.7699130232588685, 4.3505317942038415, 4.5460712679976965, 
4.252128686957597, 4.506238323353658, 4.435694196872165, 4.562070108675351, 
4.4662831999128345, 4.339673319387337, 4.453666260530343, 4.581804237456635, 
4.379356543110943, 4.359784592598448, 4.52406689174409, 4.4046966510136345]
Average, std: 4.493685458804586, 0.1276775661620795
Standard deviations of average lane speeds in edge 3

Mean and standard deviation across timesteps: nan, nan
Standard deviations of average lane speeds in edge 4

Mean and standard deviation across timesteps: 0.34632708710675375, 0.5528647925129672

Metrics over last 500 seconds of simulation:

Outflows (veh/hr):
[1447.2, 1461.6, 1454.4, 1461.6, 1447.2, 1454.4, 1468.8, 1454.4, 1468.8, 1461.6, 
1454.4, 1454.4, 1468.8, 1447.2, 1476.0, 1461.6, 1454.4, 1476.0, 1454.4, 1490.4, 
1461.6, 1461.6, 1468.8, 1454.4, 1461.6, 1461.6, 1454.4, 1476.0, 1461.6, 1504.8, 
1468.8, 1454.4, 1468.8, 1483.2, 1461.6, 1454.4, 1454.4, 1476.0, 1454.4, 1461.6]
Average, std: 1463.0400000000002, 11.742844629816041
Inflows (veh/hr):
[2498.4, 2498.4, 2498.4, 2498.4, 2498.4, 2498.4, 2498.4, 2498.4, 2498.4, 2498.4, 
2498.4, 2498.4, 2498.4, 2498.4, 2498.4, 2498.4, 2498.4, 2498.4, 2498.4, 2498.4, 
2498.4, 2498.4, 2498.4, 2498.4, 2498.4, 2498.4, 2498.4, 2498.4, 2498.4, 2498.4, 
2498.4, 2498.4, 2498.4, 2498.4, 2498.4, 2498.4, 2498.4, 2498.4, 2498.4, 2498.4]
Average, std: 2498.4, 0.0
Throughput efficiency (veh/hr):
[0.579250720461095, 0.585014409221902, 0.5821325648414986, 0.585014409221902, 
0.579250720461095, 0.5821325648414986, 0.5878962536023055, 0.5821325648414986, 
0.5878962536023055, 0.585014409221902, 0.5821325648414986, 0.5821325648414986, 
0.5878962536023055, 0.579250720461095, 0.5907780979827089, 0.585014409221902, 
0.5821325648414986, 0.5907780979827089, 0.5821325648414986, 0.5965417867435159, 
0.585014409221902, 0.585014409221902, 0.5878962536023055, 0.5821325648414986, 
0.585014409221902, 0.585014409221902, 0.5821325648414986, 0.5907780979827089, 
0.585014409221902, 0.6023054755043227, 0.5878962536023055, 0.5821325648414986, 
0.5878962536023055, 0.5936599423631124, 0.585014409221902, 0.5821325648414986, 
0.5821325648414986, 0.5907780979827089, 0.5821325648414986, 0.585014409221902]
Average, std: 0.5855907780979827, 0.00470014594533143

Standard deviations of average lane speeds in edge 3, last 500 seconds
Mean and standard deviation across timesteps: 0.20775794394882816, 0.19288355929500284

Standard deviations of average lane speeds in edge 4, last 500 seconds
Mean and standard deviation across timesteps: 0.08843649950336578, 0.056986350233276015

========================================================================